time,x,y,z,phi,theta,psi,x_velocity,y_velocity,z_velocity,phi_velocity,theta_velocity,psi_velocity,rotor_speed1,rotor_speed2,rotor_speed3,rotor_speed4
0.06,-7.615413681602629e-07,7.296319173390205e-07,10.005151181159354,0.0005304822479255122,0.0005484919837837055,0.0,-6.124336896197246e-05,5.888721822775158e-05,0.17169503523573285,0.022358626966810183,0.02301204656952353,0.0,458.3433899765528,460.1682235348433,458.0252298206418,459.79957184129756
0.12000000000000001,-2.040967649773252e-05,1.9303554673171957e-05,10.017208262335874,0.0016077915712395807,0.0022753846922984877,0.0,-0.0007445243869031176,0.0006780007385441128,0.23019690508694252,0.007245476769655014,0.03835672863869531,0.0,423.2463541764441,424.5649847722265,423.8817980247702,422.5812247000142
0.18,-0.00012282172726498061,9.611098585086493e-05,10.034464304500567,0.0024620535076982364,0.005141716478454406,0.0,-0.002943213157757367,0.0019522326620191191,0.3449751451441765,0.025457756710626608,0.061956749783655,0.0,440.74656318342005,442.6937471053766,440.8014676904076,442.30358248884625
0.23999999999999996,-0.000428465029275538,0.00027400024904988883,10.059656748036613,0.0036496810660535672,0.008630705807981087,0.0,-0.007640178300484054,0.004129564532242008,0.4947164873294905,0.0049684122087101336,0.04917895376109935,0.0,452.78102106020043,451.7542843771234,453.6765887943959,452.0286975535547
0.3,-0.001077427458028062,0.000600842187276454,10.09244972676809,0.0052495352873576095,0.011515357723786757,0.0,-0.014290748316472635,0.0068810100981264374,0.5983303278942508,0.05178672319772008,0.04577912884004281,0.0,438.8961068479877,438.6153288687063,435.95300079085104,439.84716325441343
0.36000000000000004,-0.0021762961637956965,0.0011306137504515294,10.130769883296331,0.008290807921059518,0.014240048812008688,0.0,-0.022608916371158035,0.011082625230044899,0.6789579300714269,0.048395146165794455,0.04466620864791047,0.0,431.4842319554308,431.3915486027319,430.93737288119394,430.6523525844015
0.4200000000000001,-0.0038496583586368825,0.0019854380588569405,10.175352581672007,0.011223399065765527,0.016737022457699702,0.0,-0.03344434418038734,0.017720562696402667,0.8070426253967123,0.04982197344233713,0.034688476156329175,0.0,446.09416126958075,445.27968944779656,446.7538034761083,446.8715733105545
0.48000000000000015,-0.006213089358675982,0.003293432590897856,10.226901509899886,0.014183501645898211,0.019439384855718167,0.0,-0.04558648152668767,0.02618353197993905,0.9111688710120411,0.048343305073700105,0.060278901263814896,0.0,437.0625778968976,439.19105942913626,439.80599816375775,439.6850712536536
0.5400000000000001,-0.009341334521752266,0.005152133910643136,10.283455156337885,0.017104211417049875,0.023001485721502846,0.0,-0.0590338352250619,0.036053105998417725,0.9738890857834587,0.04934036514810152,0.05748291431775816,0.0,425.7606098349024,425.5240026034648,425.9857225891556,426.0725361766685
0.6000000000000002,-0.013356256407611644,0.007668636136338096,10.344225872285502,0.020380134515649573,0.02608623148611855,0.0,-0.07512210013455034,0.04813833368299675,1.0517184490474305,0.0634522058487963,0.03510288559722138,0.0,432.08232942768564,430.1933728289394,430.026177692629,431.22182280541284
0.6600000000000003,-0.01844927051408094,0.011021943219882967,10.411727936890793,0.023971971692480665,0.029062012489230682,0.0,-0.09492864064303375,0.06403936741050181,1.1981903310801978,0.051500583976952084,0.06900059066640574,0.0,451.72368286478246,454.4499566077736,452.71459911554956,451.7544595345412
0.7200000000000003,-0.02494808711914203,0.015525214269861403,10.492864511570968,0.027422976295972568,0.032824336025679024,0.0,-0.12221903888193827,0.08649731803786107,1.5059793559462498,0.0674301594783637,0.045532269719122345,0.0,500.67484659379556,498.96693373818647,499.7960743735625,500.9574301782392
0.7800000000000004,-0.03288372895655019,0.02122470346133244,10.58361970797072,0.032262900507420866,0.03561946533783278,0.0,-0.1425487179317669,0.10388810883461641,1.5191541786509875,0.09888047347922163,0.048612203052582174,0.0,409.8468192879358,410.1219356602636,410.51938012054086,413.3058550065369
0.8400000000000004,-0.04211640622665625,0.028085137180227825,10.675881761439678,0.038874213605333274,0.03853124669670649,0.0,-0.1654761432230652,0.12537782990175225,1.5561645936434543,0.12645316823973793,0.04836420626194891,0.0,419.2981119276656,419.2781708148719,417.5990250897191,420.0081803910259
0.9000000000000005,-0.05274722141285143,0.03633090658072098,10.769534364595485,0.04673764198568353,0.04123429065626372,0.0,-0.18913388740439985,0.15016526120418972,1.5655338238476462,0.13895386716175656,0.03742968904306993,0.0,412.03849765971853,411.07209052317734,407.79282775995887,408.9251564133799
0.9600000000000005,-0.06493293036807563,0.04631031124110098,10.865866024607255,0.05557060367281874,0.043640529067987543,0.0,-0.21728363812537224,0.18332858966038512,1.6453519008831994,0.16002380853639694,0.04497657776709453,0.0,433.01931496916916,433.65452909118426,432.5135656395189,434.3048695739873
1.0200000000000005,-0.07885876181657969,0.05846158382849997,10.966995194452997,0.06498317419137223,0.04651018383116057,0.0,-0.2471832328175864,0.2226477058314842,1.7254271114013393,0.14970207813359063,0.05299235853960347,0.0,433.85143061085114,434.52531367017895,433.929562423744,433.08621447890727
1.0800000000000005,-0.09477660764679842,0.073353719755067,11.075844410919668,0.07366595865306369,0.04975755349554145,0.0,-0.2837647502674716,0.27473961799520685,1.9025043563494857,0.13219469072521836,0.05629217525048937,0.0,464.00480644029864,464.2655751026975,465.3753091572505,464.02140113134
1.1400000000000006,-0.11288247410808615,0.09144284470202457,11.193665537911784,0.08159089107435946,0.05283794358135374,0.0,-0.3200981572507053,0.32904592029029545,2.0245624409276077,0.13185653168957084,0.038926123552297236,0.0,449.84779650494164,448.44106004964164,447.60985967917316,447.5982417726639
1.2000000000000006,-0.13327497617567408,0.11302826631728556,11.31962512464102,0.0898605837574813,0.05498517660007973,0.0,-0.3598854086191738,0.391326823086148,2.173711794394407,0.1476745778547482,0.028626995313751857,0.0,457.447493987775,456.62719890679483,457.1111443448182,458.3866746823319
1.2600000000000007,-0.15586955285109977,0.1381555442821431,11.450362207123696,0.09896088860008057,0.056503288774577776,0.0,-0.3934129550166028,0.44703981140136073,2.1840708794876442,0.1586525490918001,0.01764814263819333,0.0,414.5131422906217,413.54740347400224,412.703324955782,413.694565556791
1.3200000000000007,-0.1809771406211804,0.1676325753676905,11.590037600338603,0.10807313839986854,0.0575777196613565,0.0,-0.4436142247145523,0.5366766701201804,2.4710335178762737,0.13272815097047977,0.018420260921544657,0.0,498.5513818730889,498.60768566604463,500.11623156182435,498.2430432871881
1.3800000000000008,-0.20892434310757446,0.2023367989898559,11.743432354612844,0.11607384861659487,0.058941800336275385,0.0,-0.48807972320598986,0.6209766212980632,2.6416023115439398,0.13455021519453447,0.030205305947898952,0.0,465.87717532542166,466.79772075490985,466.64135649024,466.7990026295774
1.4400000000000008,-0.23961949741807242,0.24236981572044475,11.907796424967573,0.12398024413045228,0.06038295911387337,0.0,-0.5352608529837752,0.7143172823968148,2.8365686489905944,0.12555090374638528,0.007262472825288031,0.0,474.65953120121895,472.8956179343491,476.37353089302206,475.69954723087125
1.5000000000000009,-0.27309209694089454,0.288015233127074,12.082485044540292,0.13137817007027408,0.060583833876869164,0.0,-0.5805080799793035,0.8079508435705105,2.9858520987871406,0.1183695232550094,-0.0059327505200745785,0.0,462.7871869997928,461.7473536923032,462.9712991079699,462.41902205802853
1.560000000000001,-0.3092278119564815,0.33932143262990655,12.265225639128618,0.13877712654709384,0.05993606297955001,0.0,-0.6239485698786267,0.9029588290379144,3.1050322904723067,0.1317155624929176,-0.022930688800777747,0.0,454.6197054616116,453.25577107378535,454.2016560886556,455.2840458857226
1.620000000000001,-0.3481017909458171,0.39683330235574243,12.457555936819158,0.14650126230525373,0.05819370430903881,0.0,-0.6716410423132372,1.0149187843233112,3.3052313215263167,0.12199505034375192,-0.04549796542915681,0.0,480.8174517626104,479.1044126655742,480.0184961187946,479.2940440641484
1.680000000000001,-0.3897000538075745,0.4610087559782008,12.66031481663417,0.1536233709392807,0.05540348719517407,0.0,-0.7146425169311901,1.12496505079883,3.4527923919864234,0.11114041584674321,-0.048594153348198874,0.0,465.0668164853313,464.823052440342,466.64321349956066,465.8069833542252
1.740000000000001,-0.4336371433619878,0.5314344053026643,12.868672100279348,0.16033458387523947,0.052243774310668734,0.0,-0.7496415787920135,1.2231367157657724,3.4921869828202037,0.1132417489167359,-0.062376839758788306,0.0,433.65621673553494,432.49490995809543,432.4163111270863,432.6047729504579
1.8000000000000012,-0.4794467190081123,0.6073562111766783,13.076197648144717,0.16724955799628027,0.048220591092115406,0.0,-0.7770598806883281,1.308129345476101,3.425415346760013,0.1189865784752384,-0.07859059586660488,0.0,398.07763045187284,396.5869887378544,396.7028674484564,397.24364685160066
1.8600000000000012,-0.5269722420806919,0.6889626563033211,13.282516814418097,0.17481542722761922,0.04355754795291933,0.0,-0.8066950371262902,1.4127147584993305,3.451650122955344,0.13746288504040954,-0.07602677152697548,0.0,429.6178509980076,429.8301607664117,427.29762363562713,428.88481399553785
1.9200000000000013,-0.576193992129493,0.7769940909841884,13.490445087379664,0.1837613492930661,0.03849125191905678,0.0,-0.833598080168107,1.5224082503328615,3.4790102369389766,0.1657019810940021,-0.11207132275659297,0.0,431.2903656143325,428.2281693643431,428.73250463621724,431.14630016037154
1.9800000000000013,-0.6270560415965218,0.8723980725755289,13.703316551613229,0.19346219458567848,0.03209181449637555,0.0,-0.8610812061003161,1.6586607501171278,3.6160004877905685,0.15211121660379803,-0.097586059590139,0.0,464.5660043382993,465.6909270679488,466.04366529465574,465.00357750033044
2.0400000000000014,-0.6792441980110404,0.9750112159131507,13.918456034834929,0.20255152909441332,0.026590743164144115,0.0,-0.8780886870377708,1.7624858631377793,3.5553090327501784,0.1502159562153916,-0.08193138125832433,0.0,400.6323577802031,402.04514208373627,402.6016454720907,402.45434638989474
2.1000000000000014,-0.7323874965767904,1.084136609737788,14.130629204914404,0.21153371970736234,0.021967034323836288,0.0,-0.8929701275694399,1.8757347522818908,3.517023804948866,0.14865870450172744,-0.06877122467454605,0.0,408.4162805546023,409.58310305317417,410.7572981256778,410.64224747126775
2.1600000000000015,-0.7864747435877781,1.201442963879402,14.346227154242147,0.21993425195161098,0.0175081925684335,0.0,-0.9094566511417261,2.035265499542659,3.6687527788542345,0.1107820213125886,-0.08870243417292732,0.0,472.17944027240736,470.6350802786568,473.53350522145536,470.62672018945614
2.2200000000000015,-0.8413749459253064,1.3275363615833848,14.56665273690933,0.22628300334595775,0.011945500309620272,0.0,-0.920065916096062,2.1683467959735396,3.6785104589621356,0.09335148586233967,-0.10225325932903563,0.0,427.9198920788024,426.75696172191556,429.9006690846916,428.4311474735208
2.2800000000000016,-0.8968070120604416,1.4616535640651966,14.787372196923359,0.23260091114448578,0.006659673458400128,0.0,-0.9271765291166101,2.30267201996336,3.6785860517465605,0.12222779320180446,-0.06901008175457796,0.0,424.87387295236084,427.7073229558773,423.5873930893381,426.0734240819302
2.3400000000000016,-0.9525951616409398,1.6046046484653622,15.010880279088337,0.23985054422629482,0.0030380634583693222,0.0,-0.9320351516932109,2.462929397117797,3.7710509884076147,0.1178707217709686,-0.04707614119796789,0.0,456.23587790636725,457.9812673069322,455.49768366444874,455.161869914956
2.4000000000000017,-1.0086091372055936,1.7577476746725804,15.241698750699591,0.2469206759401077,8.791523738338469e-05,0.0,-0.9347763054579613,2.6423702766881267,3.922000882423773,0.11776511687315536,-0.05372163660302398,0.0,475.8361093278056,475.3257244992516,475.67442186887104,475.67779857756784
2.4600000000000017,-1.0647184737896458,1.9223565110269247,15.483731295928914,0.25354966415064784,6.279810769825531,0.0,-0.9351299538412554,2.8450837896837804,4.144505055887039,0.08907755620217815,-0.06718645074342833,0.0,498.9237157618105,497.9376282521193,499.9015339496731,497.8155603611175
2.520000000000002,-1.120769994493028,2.098656301722373,15.73673200308525,0.2590030454083312,6.276016970863724,0.0,-0.9328278444264272,3.0318780940371095,4.287944210770106,0.09428546172220478,-0.056306829873748146,0.0,476.84122618842906,477.66906082434343,477.9067601580754,478.3098691897067
2.580000000000002,-1.176652072883125,2.2845814281640497,15.991973023036465,0.2642911004626649,6.272461494688159,0.0,-0.9296370891153664,3.1659912123129836,4.220101309881643,0.07152536637429222,-0.06592883837014056,0.0,411.2426197296893,410.3864878974553,411.76479523304505,409.75299997132447
2.640000000000002,-1.2322746788803058,2.478844497124092,16.243978120798136,0.26878787574629115,6.268382817556095,0.0,-0.9241186107356424,3.309698666583099,4.179982320047284,0.0810313496722625,-0.07242568031371129,0.0,420.1905489641128,419.6230752534175,420.48707476092,421.3146093694754
2.700000000000002,-1.2874621176842522,2.6823851333667177,16.495731724801182,0.27367424564760423,6.26446399007842,0.0,-0.9150834014644524,3.4752386386986553,4.211372722822566,0.08224304941347038,-0.05394291284548476,0.0,444.9651561731038,446.4726031413849,443.51228337958185,443.6171829857951
2.760000000000002,-1.3420758506330754,2.8953763311380416,16.747392969088033,0.27844448772060293,6.261546682287307,0.0,-0.9051178308768789,3.6247356924926475,4.177188794513095,0.0733741770104678,-0.03967848959174039,0.0,423.2416269894102,424.46608044490404,423.8162034605403,423.05851181127554
2.820000000000002,-1.395964147418886,3.118389396974661,17.00046805306894,0.28263932968940697,6.258876842205151,0.0,-0.8909156880202819,3.8091709617728133,4.257980303538292,0.06190076157892656,-0.05648555908038432,0.0,463.29657954903587,461.9719364302991,461.4217547169156,460.5184788003337
2.880000000000002,-1.4488179943487276,3.3539061496354927,17.26311929657259,0.28627633652945583,6.255048517480979,0.0,-0.8704667550518368,4.041318572264155,4.495647171278341,0.057917777837945626,-0.0854053860086816,0.0,511.90963706291603,509.84467457753397,509.7464209679715,509.463775213735
2.940000000000002,-1.5005270113280411,3.6015789883667155,17.53379493251437,0.2898954796742439,6.249816542084137,0.0,-0.8526915617518304,4.214511815882362,4.526430282403063,0.06473258090223574,-0.0910510351945669,0.0,449.86097098669023,449.3972972944299,450.4457631852668,450.99912742210944
3.000000000000002,-1.5509830076278202,3.8603957757810083,17.808689772845103,0.2934792847037553,6.244485301896098,0.0,-0.8286291780054585,4.412716865212802,4.635864998792324,0.04715546350810419,-0.08478955694700094,0.0,476.6458246108145,477.1181764195958,475.7959196726326,474.45030810456853
3.0600000000000023,-1.6000644833921032,4.129806821718258,18.08571867929446,0.2964663444400779,6.239465031722556,0.0,-0.8069977036645246,4.567705576835012,4.598335600126792,0.05458085342191305,-0.08152464947401403,0.0,430.6483506432819,430.91851925875613,429.48095508801646,430.11204176066946
3.1200000000000023,-1.6477063846352256,4.408905471677167,18.361701827243007,0.299583422037788,6.234575975146445,0.0,-0.7806356903739264,4.735607428037002,4.600781749057746,0.046094035424260056,-0.08140370291991182,0.0,443.88092897757963,443.8854766374154,444.37214216939435,443.67750543576017
3.1800000000000024,-1.6936664793373497,4.6981594276017615,18.638023035982396,0.303239172551824,6.229772915817952,0.0,-0.7509395696992953,4.906206147857111,4.609557559044747,0.08064291571468418,-0.07747575715631233,0.0,446.7991697676762,447.1142376199881,445.12374521285057,447.9450274079633
3.2400000000000024,-1.7379006807557948,4.996893685080191,18.91233717298281,0.30790456178195047,6.226108884613085,0.0,-0.7232085948142754,5.051811495737951,4.534254609071772,0.07125257172762432,-0.03997899945527071,0.0,417.71157698896866,420.9660138709536,419.2185381297652,418.40680525719716
3.3000000000000025,-1.7802146191373702,5.305469611193862,19.18548172397317,0.31188061318143756,6.224206713215768,0.0,-0.6870757267725712,5.23408841361295,4.569994947052994,0.05375040092919138,-0.018867491080143853,0.0,455.57125505783404,457.2560723278131,457.19431235265904,455.80050652436046
3.3600000000000025,-1.820494610566795,5.6241401511945375,19.458053539409743,0.31551840399288267,6.223440045812406,0.0,-0.655506640622386,5.388323186164591,4.515666885240504,0.07169889018928494,-0.002760624661953083,0.0,426.80026140917676,428.17313300070657,426.9240760684304,428.4557875419072
3.4200000000000026,-1.8586114268138105,5.953419536293806,19.73143491711006,0.31995932093314483,6.223192516917422,0.0,-0.615069870229536,5.587636563016647,4.596200317107215,0.07828421590308574,-0.007005527372862122,0.0,472.50410543408844,472.1767590486777,471.651935502579,472.16426152741406
3.4800000000000026,-1.8943034564460695,6.294658448302711,20.009484778911734,0.3247951756174636,6.2231568863722835,0.0,-0.5746817735084071,5.7869989712826175,4.671265860922858,0.08486112044795371,0.00985996096768436,0.0,472.71380036425694,474.01191979522247,470.8086523470136,471.32214868397114
3.5400000000000027,-1.9278492273895,6.646439470510104,20.287650852286635,0.3302473749368824,6.223670382620586,0.0,-0.5435439067976608,5.939227604818419,4.600857692048243,0.10077083688927435,0.0058187545740381475,0.0,426.2724349222355,425.92675914000324,425.35972792214443,426.72754108247267
3.6000000000000028,-1.9594188669615435,7.008017156968982,20.563374724100253,0.33610659480726124,6.223897578119129,0.0,-0.5088155819187556,6.113535336881344,4.589477390580928,0.09055487868629591,-0.0006238962885460782,0.0,447.2456093628232,446.72038340982533,446.2906019772609,445.4638920195379
3.660000000000003,-1.988894947203757,7.380168394585091,20.83856596256652,0.34174423663350595,6.223776370409022,0.0,-0.4737288598184787,6.291620474990525,4.58308193202361,0.1000209371869934,-0.0049702357232250275,0.0,449.38490370194273,449.0324185166764,448.5845629910354,449.36009263357516
3.720000000000003,-2.0162003520631133,7.76340094933124,21.114312541449248,0.3474878068579468,6.223402171987216,0.0,-0.43644862734960327,6.482890537128926,4.607769682997384,0.08535047018520998,-0.00889812401067867,0.0,459.9718473083193,459.6607147941639,461.547948658795,460.39576364663066
3.780000000000003,-2.0415696077175656,8.156398352111019,21.386658431784298,0.35254255654432054,6.2231238087458,0.0,-0.40913672336000106,6.617234845152454,4.4707207925263095,0.08194119018182137,0.00274813321613912,0.0,406.45127595918075,407.4940574824475,405.30560627492207,405.0055549961027
3.840000000000003,-2.065167230018736,8.558215655703211,21.652787472567027,0.35734892780576466,6.222941783100914,0.0,-0.37744791219045887,6.776769022674925,4.4001512704603165,0.07616006810280473,-0.018284755806627265,0.0,430.3980797815741,428.61386452009106,429.2129210083599,428.72728320265816
3.900000000000003,-2.0867517516533565,8.970224538283103,21.916275697492907,0.36189169079393935,6.221542599526989,0.0,-0.34194493001973514,6.95684019761249,4.382389922669448,0.07480319620771421,-0.03600494424962658,0.0,448.4768459609819,447.0348033374623,447.3841684840857,447.27811981409917
3.960000000000003,-2.105981879618497,9.394170883618484,22.181618450502054,0.36616205738074203,6.2189702394433155,0.0,-0.29887715484912536,7.1745040747333855,4.461380713258878,0.06269436487895859,-0.06241545651935331,0.0,480.89059396641966,478.8843872253541,480.21849134605395,479.3023477409002
4.020000000000002,-2.122870539551841,9.829525280450438,22.447327225016302,0.3694834581241153,6.215074640844804,0.0,-0.26377286678323086,7.3372588437695025,4.395502382324374,0.03366717873158129,-0.07048966417405533,0.0,434.04454689666136,433.3629743363264,435.7805857277566,433.34876392023506
4.080000000000001,-2.137517387443275,10.274994742699604,22.710031119314717,0.3711318352946309,6.210684093140545,0.0,-0.22410025903494268,7.5114603963427635,4.36112465907143,0.01068516496204953,-0.0791731781196431,0.0,445.77597116692397,445.0614683993442,445.56761000797104,443.6844655038417
4.14,-2.1492234808793174,10.733251183074632,22.976800844320056,0.371874120388882,6.206199702530231,0.0,-0.16566907309475168,7.762924800511341,4.529862378890196,0.015546934568050478,-0.06709368333428836,0.0,508.88660097241126,509.74706062639837,509.7997986245247,510.1469973576175
4.199999999999998,-2.1578316039842598,11.204146230491835,23.24757253119927,0.3725745258676634,6.201793946323782,0.0,-0.12092467568453669,7.93320791984138,4.4957478052069035,0.002510126019727617,-0.09075811547629949,0.0,450.5735351056167,448.65139333126274,447.70033548506365,446.637947492476
4.259999999999997,-2.163295942782656,11.686865292062986,23.520593242461707,0.3728775683635295,6.197373974574267,0.0,-0.06079233566901657,8.156655853166455,4.603969555233405,0.009701221931957084,-0.05200966831653525,0.0,492.51374682983976,495.3677371410648,494.4543219500491,494.9838457713052
4.319999999999996,-2.16493948013507,12.183442240981465,23.801451493113927,0.37387940408329357,6.194620948010005,0.0,0.006218408882590457,8.395079071417808,4.756646802632033,0.027922204557428304,-0.03581965269945563,0.0,509.15894195098696,510.31517407219263,509.1198149779531,510.4220252949044
4.379999999999995,-2.1629366495800815,12.692489142381808,24.08693087162306,0.3756149523264112,6.192153962358301,0.0,0.06071065586587524,8.572753360487527,4.758914996282812,0.030860732864628575,-0.0546665362369833,0.0,466.43737225331,464.9618696708485,465.75234866188237,465.98237718955994
4.439999999999993,-2.157742812471248,13.211639531478053,24.371251665427923,0.37774901979291364,6.18888727161487,0.0,0.1126766922449661,8.731979864851935,4.718289712262043,0.0436228089687246,-0.0540052802002922,0.0,452.12794581505193,452.1793165849693,452.3844254046829,453.4117069618966
4.499999999999992,-2.149308230658664,13.740565850094523,24.65379139719561,0.37984667736209765,6.185669985253444,0.0,0.1687246365336592,8.898599807085471,4.699361869728321,0.005583624213557915,-0.05286488480147217,0.0,460.1750749415377,460.2635775094676,461.5994866829922,458.58734358582416
4.559999999999991,-2.137370550142318,14.279752213658936,24.935985077492415,0.3802103111373061,6.182230485973783,0.0,0.229453799585528,9.073720021110688,4.7067269092563055,0.006997816848598773,-0.06820085249382302,0.0,469.14210588023207,467.9473193628195,470.06834947837956,470.17785371949606
4.6199999999999894,-2.1220748551225754,14.828085392484553,25.21542538680424,0.38037485195724763,6.178323929708295,0.0,0.28073179242653923,9.203769228324582,4.608306636583031,-0.0075274484164315255,-0.05955224458418098,0.0,433.89544025451215,434.6178896802383,435.3146430275743,434.0970445759439
4.679999999999988,-2.10310000543415,15.386046059263784,25.49375691699435,0.37973213415344453,6.1750882872373225,0.0,0.35201544094799747,9.394126492142528,4.668752819893439,-0.01799390879781768,-0.04455563508040274,0.0,485.0587603461675,486.1822544082816,487.2614787720961,486.4783097030415
4.739999999999987,-2.080304221034715,15.953560496223833,25.771316200544327,0.3781930205543196,6.1723177471428095,0.0,0.4080851997300351,9.522587346723958,4.5836152704166695,-0.048950577763401636,-0.0496291675498765,0.0,439.78038627991435,439.3585199860718,441.0463864779601,438.4810181227438
4.799999999999986,-2.053876197079162,16.529399000489647,26.04565763736788,0.3753340520255781,6.169383969785326,0.0,0.47309595184548875,9.67127236057346,4.561197207658082,-0.045167368231422964,-0.04746987354153198,0.0,460.4404056526747,460.6098698861611,459.1059009659984,459.4047700842383
4.859999999999984,-2.023326549570075,17.11455712337496,26.320071319746823,0.3724840315650777,6.1671516455999225,0.0,0.5454111314807139,9.833114281078455,4.585710090413697,-0.05262858945598854,-0.022060821467214515,0.0,472.70862545681445,474.6624741485637,476.5428195354567,475.97076774071843
4.919999999999983,-1.9888776446005028,17.707788578704513,26.592182280578935,0.3694583257009354,6.165669836127812,0.0,0.6030522930892069,9.940760406009773,4.485321480525518,-0.04635734079419255,-0.03057173963955747,0.0,434.250891254985,433.53601183031736,432.9615543982036,433.48734785628113
4.979999999999982,-1.9504588185047844,18.308826761787056,26.86214577319366,0.367455360371161,6.163491935739339,0.0,0.6777077982404973,10.093018962650717,4.513210061264229,-0.015416130620428405,-0.05134403919197474,0.0,476.1000025704512,474.5069761287095,473.612980114804,475.9869296830377
5.0399999999999805,-1.9083367187263507,18.91643734618905,27.127464058353244,0.3664175771610605,6.1603358377130775,0.0,0.7266740162106387,10.160558103049887,4.331804915324565,-0.021350072585631805,-0.05524248629498362,0.0,403.96644018860695,403.6125095742373,403.1936936347165,402.6570678240366
